userID
  0:  0.0000,  0.0000,  0.0000
  1:  0.0000,  0.0000,  0.0000
  2:  0.0156, -0.6365,  0.6367
  3:  0.0000,  0.0000,  0.0000
  4:  0.0000,  0.0000,  0.0000
  5:  0.0000,  0.0000,  0.0000
  6:  0.0156, -0.2118,  0.2124
  7:  0.0000,  0.0000,  0.0000
  8:  0.0000,  0.0000,  0.0000
  9:  0.0000,  0.0000,  0.0000
 10:  0.0156, -0.1267,  0.1276
 11:  0.0000,  0.0000,  0.0000
 12:  0.0000,  0.0000,  0.0000
 13:  0.0000,  0.0000,  0.0000
 14:  0.0156, -0.0900,  0.0914
 15:  0.0000,  0.0000,  0.0000
 16:  0.0000,  0.0000,  0.0000
 17:  0.0000,  0.0000,  0.0000
 18:  0.0156, -0.0696,  0.0713
 19:  0.0000,  0.0000,  0.0000
 20:  0.0000,  0.0000,  0.0000
 21:  0.0000,  0.0000,  0.0000
 22:  0.0156, -0.0565,  0.0586
 23:  0.0000,  0.0000,  0.0000
 24:  0.0000,  0.0000,  0.0000
 25:  0.0000,  0.0000,  0.0000
 26:  0.0156, -0.0473,  0.0498
 27:  0.0000,  0.0000,  0.0000
 28:  0.0000,  0.0000,  0.0000
 29:  0.0000,  0.0000,  0.0000
 30:  0.0156, -0.0405,  0.0434
 31:  0.0000,  0.0000,  0.0000
 32:  0.0000,  0.0000,  0.0000
 33:  0.0000,  0.0000,  0.0000
 34:  0.0156, -0.0352,  0.0386
 35:  0.0000,  0.0000,  0.0000
 36:  0.0000,  0.0000,  0.0000
 37:  0.0000,  0.0000,  0.0000
 38:  0.0156, -0.0310,  0.0348
 39:  0.0000,  0.0000,  0.0000
 40:  0.0000,  0.0000,  0.0000
 41:  0.0000,  0.0000,  0.0000
 42:  0.0156, -0.0276,  0.0317
 43:  0.0000,  0.0000,  0.0000
 44:  0.0000,  0.0000,  0.0000
 45:  0.0000,  0.0000,  0.0000
 46:  0.0156, -0.0247,  0.0292
 47:  0.0000,  0.0000,  0.0000
 48:  0.0000,  0.0000,  0.0000
 49:  0.0000,  0.0000,  0.0000
 50:  0.0156, -0.0222,  0.0271
 51:  0.0000,  0.0000,  0.0000
 52:  0.0000,  0.0000,  0.0000
 53:  0.0000,  0.0000,  0.0000
 54:  0.0156, -0.0200,  0.0254
 55:  0.0000,  0.0000,  0.0000
 56:  0.0000,  0.0000,  0.0000
 57:  0.0000,  0.0000,  0.0000
 58:  0.0156, -0.0181,  0.0239
 59:  0.0000,  0.0000,  0.0000
 60:  0.0000,  0.0000,  0.0000
 61:  0.0000,  0.0000,  0.0000
 62:  0.0156, -0.0164,  0.0227
 63:  0.0000,  0.0000,  0.0000
 64:  0.0000,  0.0000,  0.0000
 65:  0.0000,  0.0000,  0.0000
 66:  0.0156, -0.0149,  0.0216
 67:  0.0000,  0.0000,  0.0000
 68:  0.0000,  0.0000,  0.0000
 69:  0.0000,  0.0000,  0.0000
 70:  0.0156, -0.0135,  0.0206
 71:  0.0000,  0.0000,  0.0000
 72:  0.0000,  0.0000,  0.0000
 73:  0.0000,  0.0000,  0.0000
 74:  0.0156, -0.0122,  0.0198
 75:  0.0000,  0.0000,  0.0000
 76:  0.0000,  0.0000,  0.0000
 77:  0.0000,  0.0000,  0.0000
 78:  0.0156, -0.0110,  0.0191
 79:  0.0000,  0.0000,  0.0000
 80:  0.0000,  0.0000,  0.0000
 81:  0.0000,  0.0000,  0.0000
 82:  0.0156, -0.0099,  0.0185
 83:  0.0000,  0.0000,  0.0000
 84:  0.0000,  0.0000,  0.0000
 85:  0.0000,  0.0000,  0.0000
 86:  0.0156, -0.0089,  0.0180
 87:  0.0000,  0.0000,  0.0000
 88:  0.0000,  0.0000,  0.0000
 89:  0.0000,  0.0000,  0.0000
 90:  0.0156, -0.0079,  0.0175
 91:  0.0000,  0.0000,  0.0000
 92:  0.0000,  0.0000,  0.0000
 93:  0.0000,  0.0000,  0.0000
 94:  0.0156, -0.0069,  0.0171
 95:  0.0000,  0.0000,  0.0000
 96:  0.0000,  0.0000,  0.0000
 97:  0.0000,  0.0000,  0.0000
 98:  0.0156, -0.0060,  0.0167
 99:  0.0000,  0.0000,  0.0000
100:  0.0000,  0.0000,  0.0000
101:  0.0000,  0.0000,  0.0000
102:  0.0156, -0.0052,  0.0165
103:  0.0000,  0.0000,  0.0000
104:  0.0000,  0.0000,  0.0000
105:  0.0000,  0.0000,  0.0000
106:  0.0156, -0.0043,  0.0162
107:  0.0000,  0.0000,  0.0000
108:  0.0000,  0.0000,  0.0000
109:  0.0000,  0.0000,  0.0000
110:  0.0156, -0.0035,  0.0160
111:  0.0000,  0.0000,  0.0000
112:  0.0000,  0.0000,  0.0000
113:  0.0000,  0.0000,  0.0000
114:  0.0156, -0.0027,  0.0159
115:  0.0000,  0.0000,  0.0000
116:  0.0000,  0.0000,  0.0000
117:  0.0000,  0.0000,  0.0000
118:  0.0156, -0.0019,  0.0157
119:  0.0000,  0.0000,  0.0000
120:  0.0000,  0.0000,  0.0000
121:  0.0000,  0.0000,  0.0000
122:  0.0156, -0.0012,  0.0157
123:  0.0000,  0.0000,  0.0000
124:  0.0000,  0.0000,  0.0000
125:  0.0000,  0.0000,  0.0000
126:  0.0156, -0.0004,  0.0156
127:  0.0000,  0.0000,  0.0000
128:  0.0000,  0.0000,  0.0000
129:  0.0000,  0.0000,  0.0000
130:  0.0156,  0.0004,  0.0156
131:  0.0000,  0.0000,  0.0000
132:  0.0000,  0.0000,  0.0000
133:  0.0000,  0.0000,  0.0000
134:  0.0156,  0.0012,  0.0157
135:  0.0000,  0.0000,  0.0000
136:  0.0000,  0.0000,  0.0000
137:  0.0000,  0.0000,  0.0000
138:  0.0156,  0.0019,  0.0157
139:  0.0000,  0.0000,  0.0000
140:  0.0000,  0.0000,  0.0000
141:  0.0000,  0.0000,  0.0000
142:  0.0156,  0.0027,  0.0159
143:  0.0000,  0.0000,  0.0000
144:  0.0000,  0.0000,  0.0000
145:  0.0000,  0.0000,  0.0000
146:  0.0156,  0.0035,  0.0160
147:  0.0000,  0.0000,  0.0000
148:  0.0000,  0.0000,  0.0000
149:  0.0000,  0.0000,  0.0000
150:  0.0156,  0.0043,  0.0162
151:  0.0000,  0.0000,  0.0000
152:  0.0000,  0.0000,  0.0000
153:  0.0000,  0.0000,  0.0000
154:  0.0156,  0.0052,  0.0165
155:  0.0000,  0.0000,  0.0000
156:  0.0000,  0.0000,  0.0000
157:  0.0000,  0.0000,  0.0000
158:  0.0156,  0.0060,  0.0167
159:  0.0000,  0.0000,  0.0000
160:  0.0000,  0.0000,  0.0000
161:  0.0000,  0.0000,  0.0000
162:  0.0156,  0.0069,  0.0171
163:  0.0000,  0.0000,  0.0000
164:  0.0000,  0.0000,  0.0000
165:  0.0000,  0.0000,  0.0000
166:  0.0156,  0.0079,  0.0175
167:  0.0000,  0.0000,  0.0000
168:  0.0000,  0.0000,  0.0000
169:  0.0000,  0.0000,  0.0000
170:  0.0156,  0.0089,  0.0180
171:  0.0000,  0.0000,  0.0000
172:  0.0000,  0.0000,  0.0000
173:  0.0000,  0.0000,  0.0000
174:  0.0156,  0.0099,  0.0185
175:  0.0000,  0.0000,  0.0000
176:  0.0000,  0.0000,  0.0000
177:  0.0000,  0.0000,  0.0000
178:  0.0156,  0.0110,  0.0191
179:  0.0000,  0.0000,  0.0000
180:  0.0000,  0.0000,  0.0000
181:  0.0000,  0.0000,  0.0000
182:  0.0156,  0.0122,  0.0198
183:  0.0000,  0.0000,  0.0000
184:  0.0000,  0.0000,  0.0000
185:  0.0000,  0.0000,  0.0000
186:  0.0156,  0.0135,  0.0206
187:  0.0000,  0.0000,  0.0000
188:  0.0000,  0.0000,  0.0000
189:  0.0000,  0.0000,  0.0000
190:  0.0156,  0.0149,  0.0216
191:  0.0000,  0.0000,  0.0000
192:  0.0000,  0.0000,  0.0000
193:  0.0000,  0.0000,  0.0000
194:  0.0156,  0.0164,  0.0227
195:  0.0000,  0.0000,  0.0000
196:  0.0000,  0.0000,  0.0000
197:  0.0000,  0.0000,  0.0000
198:  0.0156,  0.0181,  0.0239
199:  0.0000,  0.0000,  0.0000
200:  0.0000,  0.0000,  0.0000
201:  0.0000,  0.0000,  0.0000
202:  0.0156,  0.0200,  0.0254
203:  0.0000,  0.0000,  0.0000
204:  0.0000,  0.0000,  0.0000
205:  0.0000,  0.0000,  0.0000
206:  0.0156,  0.0222,  0.0271
207:  0.0000,  0.0000,  0.0000
208:  0.0000,  0.0000,  0.0000
209:  0.0000,  0.0000,  0.0000
210:  0.0156,  0.0247,  0.0292
211:  0.0000,  0.0000,  0.0000
212:  0.0000,  0.0000,  0.0000
213:  0.0000,  0.0000,  0.0000
214:  0.0156,  0.0276,  0.0317
215:  0.0000,  0.0000,  0.0000
216:  0.0000,  0.0000,  0.0000
217:  0.0000,  0.0000,  0.0000
218:  0.0156,  0.0310,  0.0348
219:  0.0000,  0.0000,  0.0000
220:  0.0000,  0.0000,  0.0000
221:  0.0000,  0.0000,  0.0000
222:  0.0156,  0.0352,  0.0386
223:  0.0000,  0.0000,  0.0000
224:  0.0000,  0.0000,  0.0000
225:  0.0000,  0.0000,  0.0000
226:  0.0156,  0.0405,  0.0434
227:  0.0000,  0.0000,  0.0000
228:  0.0000,  0.0000,  0.0000
229:  0.0000,  0.0000,  0.0000
230:  0.0156,  0.0473,  0.0498
231:  0.0000,  0.0000,  0.0000
232:  0.0000,  0.0000,  0.0000
233:  0.0000,  0.0000,  0.0000
234:  0.0156,  0.0565,  0.0586
235:  0.0000,  0.0000,  0.0000
236:  0.0000,  0.0000,  0.0000
237:  0.0000,  0.0000,  0.0000
238:  0.0156,  0.0696,  0.0713
239:  0.0000,  0.0000,  0.0000
240:  0.0000,  0.0000,  0.0000
241:  0.0000,  0.0000,  0.0000
242:  0.0156,  0.0900,  0.0914
243:  0.0000,  0.0000,  0.0000
244:  0.0000,  0.0000,  0.0000
245:  0.0000,  0.0000,  0.0000
246:  0.0156,  0.1267,  0.1276
247:  0.0000,  0.0000,  0.0000
248:  0.0000,  0.0000,  0.0000
249:  0.0000,  0.0000,  0.0000
250:  0.0156,  0.2118,  0.2124
251:  0.0000,  0.0000,  0.0000
252:  0.0000,  0.0000,  0.0000
253:  0.0000,  0.0000,  0.0000
254:  0.0156,  0.6365,  0.6367
255:  0.0000,  0.0000,  0.0000
